2.446125000000000114e+02
2.469109374999999886e+02
2.529328125000000114e+02
2.605453125000000227e+02
2.695140625000000227e+02
2.797984374999999773e+02
2.896046875000000114e+02
3.017296875000000114e+02
3.093312500000000114e+02
3.140781250000000000e+02
3.197624999999999886e+02
3.254421874999999886e+02
3.311312500000000227e+02
3.325203124999999886e+02
3.400843750000000227e+02
3.458796874999999886e+02
3.528812500000000227e+02
3.537760416666666856e+02
3.555156250000000000e+02
3.575625000000000000e+02
