2.312390624999999886e+02
2.337984375000000057e+02
2.371421875000000057e+02
2.377812500000000000e+02
2.409703125000000057e+02
2.374890624999999886e+02
2.144250000000000114e+02
2.207968750000000000e+02
2.265843749999999943e+02
2.376500000000000057e+02
2.461531249999999886e+02
2.511624999999999943e+02
2.594859374999999773e+02
2.664328125000000114e+02
2.679562500000000114e+02
2.694515625000000227e+02
2.714062500000000000e+02
2.732843750000000114e+02
2.745312500000000000e+02
2.750937500000000000e+02
2.771339285714285552e+02
2.781753472222222285e+02
2.707916666666666856e+02
2.562767857142857224e+02
2.548281250000000000e+02
2.566875000000000000e+02
2.587447916666666856e+02
2.590937500000000000e+02
2.597656250000000000e+02
2.598312500000000114e+02
